3.847024068534121710e-02
4.586181542714816706e-01
6.485165583730794214e-01
1.269728525563526556e-01
1.515582387268831627e-02
3.052272731555974623e-03
4.909354022217962954e-15
5.881722678049803310e-01
1.437158699694993380e-01
2.221437821191121331e-03
4.825236324763206019e-03
1.530221488089554827e-01
4.410435608705064094e-04
2.507951661055581316e-01
6.871213759358897178e-06
5.985652556233517219e-02
1.561910859937055696e-01
6.519506711566082080e-01
2.461539796804067814e-01
3.054998126041860718e-02
1.039273365175226276e-02
4.176901039599383719e-02
6.210880017955442423e-01
5.630850941072648164e-01
9.785563975376979085e-02
1.862427915540834922e-01
9.089880965688155578e-04
2.953370347818290789e-02
2.773450978516114884e-02
1.667504096873016484e-01
2.350720445504551545e-02
2.060245492746468621e-01
5.140497039589546346e-02
1.509710509566286329e-01
7.692798505849705870e-02
3.506079123601055225e-01
5.036792910450419575e-02
9.633268124774192476e-01
3.854230669040466517e-01
9.807506014896787139e-02
1.784282213950896534e-01
9.371051850205992517e-01
2.315012817704854842e-01
1.135661988807738082e-01
1.191977546556689802e-06
5.941055974388676636e-02
4.426530176832690344e-01
7.138187257199060665e-02
6.138028498557315110e-02
6.344876439943740731e-01
8.145975753126567520e-01
5.227970576460846397e-01
6.070236554813335239e-01
9.139567169184754647e-01
7.768343721724533246e-01
9.938622838710194918e-01
5.969980564009679247e-01
5.604222498550682774e-01
8.856354147728255910e-01
9.127348835247713899e-01
9.616746476103819052e-01
8.744716832816726848e-01
3.452494423077558938e-01
9.902068668870562806e-01
9.349750802208582900e-01
9.729050638879536139e-01
9.460575018000101366e-01
7.606314165831278284e-01
8.000558103042396674e-01
9.410787784318747073e-01
9.953075879528069381e-01
6.920281623211643751e-01
9.081418218252149677e-01
8.714818132010115903e-01
9.475942437786724071e-01
9.375424709219859487e-01
9.908185402435376599e-01
9.263747590558671918e-01
9.895570182626083344e-01
6.040183095683451242e-01
3.051399899240276326e-01
9.946710420996680568e-01
9.009613332310000278e-01
9.867441356179780243e-01
9.012301225611607514e-01
9.656321380062800053e-01
9.693301997572233430e-01
9.135680333350159055e-01
9.356112987635184508e-01
8.652346359620135541e-01
5.955460029459093141e-01
8.233140825520302020e-01
7.916148137681412456e-01
8.243916426066999481e-01
9.214254053272882272e-01
9.422209211042330557e-01
9.649026321085074631e-01
9.255632931816958342e-01
9.461846545197052372e-01
8.293872803295124774e-01
