1.345261020423074412e-03
2.809525853209226542e-01
3.191758484231033144e-02
2.334369860716702799e-02
7.163057827346695945e-03
1.008327040336587238e-01
2.218959906157356998e-02
1.790954558957879314e-03
2.410848379563820462e-02
5.553494671222695966e-02
1.070115243474432194e-03
1.035103649142740528e-01
1.586099343861243835e-02
8.475854791221187207e-03
3.900595469504963960e-04
5.536190810625128966e-01
2.309648971631803327e-01
1.434390483527141463e-04
3.232767433540950641e-02
2.743299403459996053e-02
4.316281922003289279e-02
7.125340344328723709e-04
4.442498791850364379e-03
1.166470528459659720e-02
1.968294486506400875e-01
2.117654528373032197e-01
3.084605086606815316e-01
4.996352672056925681e-01
8.838479861873514698e-02
1.806159739572061815e-02
5.817443894556807715e-02
9.322244480768723252e-01
9.088465402016632222e-01
1.184552662355754377e-01
2.211412084875966425e-02
1.863738781357883326e-03
9.106357412617730601e-03
5.948833117158340913e-03
7.974686864408251502e-03
1.828373358295727058e-01
2.899327589862050678e-02
1.527045940848484286e-03
8.218927314618498792e-02
5.864564341828289867e-02
3.938580552029344664e-03
2.705464203912162913e-01
1.777602043210499971e-01
1.380299998417582226e-02
2.354079526861487242e-04
1.829586178894368476e-02
9.849039847426642735e-01
9.892535599216969455e-01
9.967745810202248702e-01
5.915429726876649807e-01
7.369979919557491099e-01
4.911358668595078858e-01
6.550490417622641115e-02
5.648508785836257040e-01
9.937047096660500678e-01
9.990880164661093410e-01
7.680310065632788286e-01
9.985995496902402291e-01
9.458781673298061188e-01
8.735717243856718772e-01
2.200671163477319892e-01
9.946606101533355115e-01
9.215890447177138567e-01
9.977110308210320744e-01
9.945679489609261514e-01
4.131849858369566197e-01
9.898966098173465067e-01
9.967219161176994469e-01
9.998249371622737192e-01
9.881765113123112121e-01
7.612642315970867823e-01
7.598659282505830781e-01
9.959116403443101229e-01
9.904456888548254234e-01
9.608702972223306382e-01
9.297029113046122450e-01
2.295480359174245921e-01
9.664733396907279062e-01
6.908506231754499849e-01
8.981950980973827381e-01
9.992210500269306239e-01
9.942491947551478360e-01
9.442409806228589941e-01
9.945723991683799170e-01
9.905588901411457314e-01
7.281471307579369112e-01
9.398187477345752994e-01
9.429751568075451784e-01
4.354567969956587570e-01
9.994614705978692726e-01
9.435173125018443407e-01
8.902726174974830986e-01
9.869587545395251960e-01
9.954498464127317092e-01
9.996325110524487689e-01
9.369800885099430765e-01
