1.916870208821187249e-01
3.617173070868717755e-01
2.798192809241507040e-01
2.699877141025436855e-01
2.262743893237424142e-01
3.088344355745147318e-01
2.659793173441448166e-01
2.040592983897055457e-01
2.694050389861877282e-01
2.967726670107902476e-01
1.864952534896231473e-01
3.199682145598624627e-01
2.510877886069374232e-01
2.408186922330037560e-01
1.593524611657501922e-01
4.064827268375871272e-01
3.498314392600546663e-01
1.444901689501699171e-01
2.780714306422917281e-01
2.765881116689610231e-01
2.891008462856695105e-01
1.767344008469426964e-01
2.225499155216808522e-01
2.515015539480263129e-01
3.437000500042293183e-01
3.468590205814950922e-01
3.627166092483194992e-01
3.960426260881196314e-01
3.147155531461597322e-01
2.623315353800650396e-01
2.958729216520353811e-01
4.877654534708920631e-01
4.833456814927653000e-01
3.238376331203394742e-01
2.695141619326459348e-01
1.985237603717694699e-01
2.394313243668562408e-01
2.284307624360263356e-01
2.388387821327633276e-01
3.472007811225241714e-01
2.751275714638090064e-01
1.966277021004927961e-01
3.101531762463893838e-01
2.970869450513461407e-01
2.200145744321026775e-01
3.580778519970095330e-01
3.389308539123928044e-01
2.568353521120911864e-01
1.542103093479560982e-01
2.619737664154134782e-01
5.476628529438360982e-01
5.648600978383269133e-01
6.089870057205107878e-01
4.057412182916054211e-01
4.341115044493411013e-01
3.911785197500148303e-01
2.995522460084619198e-01
4.045958165240101656e-01
5.860335722466905040e-01
6.495057741599287171e-01
4.355966618229385467e-01
6.428879146575969816e-01
4.944264243488357691e-01
4.672003873317561173e-01
3.515256799016617251e-01
5.837051382173319425e-01
4.813502071714146902e-01
6.209584936584038317e-01
5.873543162291594566e-01
3.848847738705257204e-01
5.685532632921541651e-01
6.119065364991114198e-01
7.127794325632132999e-01
5.528788973017538799e-01
4.427011214687800456e-01
4.350799032540861866e-01
5.996249180781323407e-01
5.694604592247621833e-01
5.239461946638781509e-01
4.907611360585580895e-01
3.507767862753479182e-01
5.180157611370465043e-01
4.209837835657344041e-01
4.697625947622752762e-01
6.595855416675209248e-01
5.830648559748534687e-01
4.887695029817902825e-01
5.941152886624447849e-01
5.620569469965106535e-01
4.276159216741477476e-01
4.975051741060370625e-01
5.025385482925666114e-01
3.867191855451606042e-01
6.706282810045247622e-01
5.062442303545979794e-01
4.675059357792376580e-01
5.546339990836739453e-01
5.978120549423048269e-01
6.839897192094518408e-01
4.880723364724162683e-01
