4.555811091394517121e-01
4.304977230468646221e-01
4.730520008986902059e-01
4.847609050123898866e-01
3.742536943109565639e-01
3.901726090120469226e-01
3.842901766820785991e-02
4.785287423825304032e-01
4.976206977196335757e-01
3.640792475601314915e-01
3.078462824773273154e-01
4.869761323197801528e-01
3.494553176011613305e-01
4.579556257767939398e-01
2.064399587688987847e-01
4.731924671546677841e-01
4.408776005779242446e-01
4.569258375844325593e-01
3.666685500026515276e-01
4.236248594456483163e-01
3.946449381303747672e-01
4.781818074264417295e-01
4.757623092730146053e-01
4.432382970959534707e-01
4.575420627463893664e-01
4.282870217983287819e-01
3.398427573577635363e-01
4.812859985130487073e-01
4.840244706513330275e-01
4.631990264915756272e-01
4.678109745305261691e-01
4.825158080788616854e-01
4.845882325056830586e-01
4.375140815556085583e-01
3.558196619173910058e-01
4.316442754999222919e-01
4.638548461362795305e-01
4.707820935548470698e-01
4.871060430288252086e-01
4.886265944461375410e-01
4.381851482360080152e-01
4.682128595063351217e-01
4.855793633866836156e-01
4.668568897211399227e-01
1.984686527502001196e-01
4.849789144228124904e-01
4.717063126687152108e-01
4.634258418855056183e-01
4.680187142875646966e-01
4.667025993670543826e-01
4.185067013243078393e-01
4.967472387420184265e-01
4.188272902242005102e-01
4.965180697912218166e-01
4.740167837365176773e-01
4.841092305904319826e-01
4.777676698530425314e-01
4.816057130306861667e-01
4.866417818269049289e-01
4.678844174467906569e-01
4.825221718427386564e-01
4.770383185823977024e-01
4.947780295647540294e-01
4.838177412914531628e-01
4.659611416539138351e-01
4.917541180703881021e-01
4.811757824378668502e-01
4.333035194846348581e-01
4.934219359161015617e-01
4.696350584683303686e-01
4.715259165469554703e-01
4.939067907061294727e-01
4.879701177115690069e-01
4.936434138293929741e-01
4.827902395154954340e-01
4.540857893943215928e-01
4.933604446681418287e-01
4.943287611512787172e-01
4.667316965352271696e-01
4.951333254600512324e-01
4.954280297777646225e-01
4.283996894699676483e-01
4.633888734019988576e-01
4.772015633700197879e-01
4.918948593367296063e-01
4.795050184766547763e-01
4.846277464372782395e-01
4.874837635151886284e-01
4.844414630042931935e-01
4.090350564262307254e-01
4.957263618020061324e-01
4.820516090426770206e-01
4.821155123088078365e-01
4.779091549826079421e-01
4.793604868933164509e-01
4.934937096800300904e-01
4.959888005696195257e-01
4.851659420396255418e-01
4.425129084137783830e-01
4.928790251800827527e-01
