5.814773626224703507e-02
7.565007280838022437e-03
6.940038546011609993e-03
1.191586121092905876e-02
1.195899395565624621e-02
2.672794061401898708e-02
1.389078365677381792e-02
7.292062965015753918e-04
2.281304928047844446e-02
4.364658663771215502e-03
8.889681823526937587e-03
9.491112055390547517e-03
1.177478520057388678e-02
1.233133875827798626e-02
3.736208886067199191e-03
8.495805432323674800e-02
3.205212747950173403e-03
7.112306013704268286e-03
1.812703381464926544e-02
2.303090747967910523e-03
2.471335941453697838e-03
2.503436775244599274e-02
1.393840808579920390e-02
1.839294715395569171e-02
1.210979314832395445e-03
1.540661613080436055e-03
5.660211817446214946e-03
4.424571491950487351e-02
3.117041232622991265e-03
1.014375907850212366e-01
1.509796314794050430e-02
2.965881095130868100e-03
1.239166298343105958e-03
3.636606720244620148e-03
3.731682496817916028e-02
1.234753324461856233e-02
3.634090869903645188e-02
4.831977319730361431e-02
4.295516182777176298e-03
4.543472361171095424e-03
1.233014245132962178e-02
5.040615781439007279e-03
1.970133604062670324e-03
1.888067191595326627e-02
1.200988359827125616e-02
1.927900276219286432e-02
3.084108708986608473e-03
1.047528153394271071e-03
8.440074536980450223e-03
2.025290595548143724e-01
1.078827328339113968e-02
2.131916669609168133e-02
5.020449446764299779e-03
2.176370068778050657e-02
1.183177652277065360e-02
1.386241812934269676e-03
1.284657091265359492e-02
9.627510881447972485e-03
1.794229099898744448e-02
1.012424609127010600e-02
5.085581664559899774e-03
3.713212012504325723e-03
1.100956968457800361e-01
2.218501911167432283e-01
1.310375475864916095e-01
1.067255149853343354e-01
1.010249879725821920e-01
1.287700032375438397e-01
1.227229527149888005e-01
2.552246774762663151e-01
3.850391970269316788e-01
2.059237101338703968e-01
1.994648164130992940e-01
1.551511572413257212e-01
2.129186635746950218e-01
9.937293352301299065e-02
1.530721742645754224e-01
1.260138177662955550e-01
1.660286308273504208e-01
6.793878621256470296e-02
1.558186598635256104e-01
3.934838395073469441e-01
2.085013847029105194e-01
1.726930126676161914e-01
1.043624220273653563e-01
9.382867030661645735e-02
1.165291107274121080e-01
1.854612618776802502e-01
2.777956615665636564e-01
1.661340922654442609e-01
1.083225533782812694e-01
1.590798954920308872e-01
1.253199239766896733e-01
1.709773099515858596e-01
1.370583930767112490e-01
2.408634972251252060e-01
1.992383240075807083e-01
1.059163892556977127e-01
1.896590795307708244e-01
2.314301597141413536e-01
2.947510135297216616e-01
1.600532113273625823e-01
1.439182024032452101e-01
2.281081666874388847e-01
7.446672444761974485e-02
1.452053894380785082e-01
1.537639313700253085e-01
2.029662436657043434e-01
1.209944677633240512e-01
9.218046146438776955e-02
2.246482689522086851e-01
8.455879738085755881e-02
1.892616801880994959e-01
9.607557676047404072e-02
7.507959800839454634e-02
2.145776675242554998e-01
2.674766140397021874e-01
1.221464155179962513e-01
2.150373834658849681e-01
1.570365414178230001e-01
1.387473669871810977e-01
1.393112953356096251e-01
1.133427008809295977e-01
1.860127684134628701e-01
