3.286598022479465531e-01
4.275856562517228732e-02
3.922614778739384050e-02
6.735025025798971332e-02
6.759404305653504696e-02
1.510703638931115700e-01
7.851281069850318817e-02
4.121584305970089727e-03
1.289428058106997788e-01
2.466971107603012706e-02
5.024582654414454230e-02
5.364520120214936322e-02
6.655286730474543888e-02
6.969859221122268189e-02
2.111761785727708784e-02
4.801957759338277842e-01
1.811634735276611632e-02
4.019982957631643150e-02
1.024567374728999336e-01
1.301741733113099576e-02
1.396836461772566623e-02
1.414980338669390436e-01
7.878199117622743108e-02
1.039597198954208823e-01
6.844638290718366158e-03
8.708052516479016653e-03
3.199237349865965974e-02
2.500834744482543504e-01
1.761798860908879785e-02
5.733406091263180127e-01
8.533597181100577300e-02
1.676360864368696413e-02
7.003955385795220499e-03
2.055465134771118293e-02
2.109203402046429254e-01
6.979012589800623334e-02
2.054043138097298993e-01
2.731106681792214719e-01
2.427890731321559123e-02
2.568039314560580794e-02
6.969183050336695551e-02
2.849032296741733916e-02
1.113549318228006929e-02
1.067164140357845653e-01
6.788167901544642224e-02
1.089678402403049529e-01
1.743184900329150869e-02
5.920787598523332730e-03
4.770457814164148769e-02
1.144724884259417763e+00
6.097695270414504182e-02
1.204991554413735733e-01
2.837633979296728601e-02
1.230117288138265347e-01
6.687499087974692336e-02
7.835248444617711958e-03
7.261076229476923216e-02
5.441614800215387182e-02
1.014125431299197355e-01
5.722377055676965141e-02
2.874447694149064730e-02
2.098763604881239211e-02
6.222775344253042018e-01
1.253930842849295679e+00
7.406440430045378998e-01
6.032287566913230314e-01
5.710085156097006731e-01
7.278275392983138969e-01
6.936486949153961579e-01
1.442568488820206385e+00
2.176299792340175010e+00
1.163911962892740126e+00
1.127405318447711746e+00
8.769378128066728229e-01
1.203448497973429676e+00
5.616708539292960545e-01
8.651870865026597412e-01
7.122491620446622651e-01
9.384189391159911686e-01
3.840002978083977836e-01
8.807106386106351437e-01
2.224030189189172724e+00
1.178481369521048094e+00
9.760870334997210351e-01
5.898721977918177650e-01
5.303338394650801702e-01
6.586401629647954392e-01
1.048255109682537434e+00
1.570143105555114271e+00
9.390150231188556518e-01
6.122554592965816500e-01
8.991436357597332174e-01
7.083271693699273452e-01
9.663896221882355420e-01
7.746747725802615170e-01
1.361396925406281877e+00
1.126125149106764756e+00
5.986554556586437537e-01
1.071981810125619550e+00
1.308078274669554286e+00
1.665977319945225910e+00
9.046449641093391447e-01
8.134474526816716233e-01
1.289301867514148769e+00
4.208971922935743071e-01
8.207228285349376096e-01
8.690970023152961854e-01
1.147195914993667021e+00
6.838790364743414507e-01
5.210179137391478532e-01
1.269746002083198766e+00
4.779391152938217702e-01
1.069735648920189908e+00
5.430336946660456743e-01
4.243612463777918231e-01
1.212825439279141770e+00
1.511818287813802009e+00
6.903900194564311921e-01
1.215423823329463859e+00
8.875942894030165453e-01
7.842211086390457053e-01
7.874085169783943128e-01
6.406300924557257748e-01
1.051372308057574534e+00
