1.200636391932526976e+07
2.830302653073501773e+06
2.053214707304302230e+07
1.606323928088422865e+06
4.784922055358557845e+05
5.704206139699510299e+06
6.887799999911182094e+05
4.822503745295225526e+05
1.907781066633319715e+06
1.133042539387869620e+05
4.191730184837051667e+06
4.964321694961602916e+05
4.190063783274295274e+06
1.847735512979938183e+06
1.463321148568085337e+05
1.168039958404505160e+06
1.589827719945898047e+06
3.150423799500466790e+06
4.078079516828049091e+05
1.230868219458967797e+05
2.118072955049514771e+06
1.181719231683486287e+05
1.183541205615519779e+06
4.787887220498172566e+06
5.787178431623054203e+05
9.577054113622026518e+06
4.095395418078191578e+05
1.099224005817122757e+06
1.744303178029419621e+06
1.470512356653922470e+06
4.950050939354011789e+05
3.469180753568337299e+06
5.676083717791812494e+06
2.496868218124088272e+07
4.650472386455950327e+05
1.463115879815776460e+07
7.774303408721298911e+05
1.288721532673509791e+06
4.542041350505267037e+05
1.017600706680198945e+07
2.684864326685287524e+06
7.236545888694164343e+06
4.600035041184413712e+05
2.036621020206289832e+05
3.453168504042687826e+06
1.084974818472452648e+07
6.564002382616846822e+06
3.444310684459977201e+05
9.951167420187892858e+05
1.477674118492334383e+06
1.527826267387617379e+06
2.278690985907112481e+05
4.057159035015551839e+06
2.184711013990282372e+05
2.127613061329056043e+06
3.523233018199129147e+05
5.846998941085182130e+06
4.574769866276483983e+06
2.959982653899245895e+06
6.964938630186051596e+05
1.098540305058138259e+07
4.080168501506015658e+06
3.985755133501427714e+06
3.187588746530468925e+05
3.456880115867555141e+05
2.808168526567597874e+06
3.828578478710135678e+05
1.382965876990951039e+07
6.569282210466079414e+05
9.051304563427019166e+05
2.674961112271090387e+05
2.524890988877469208e+05
3.448127653631246649e+05
1.606851819624194177e+06
7.996592225797021529e+05
1.960279827244804008e+06
8.543309575187648879e+05
1.070526135683907382e+07
1.947604745451363968e+06
3.753990193880872801e+06
2.219728840398863889e+06
7.460245932973599061e+06
4.392553233799109235e+06
8.100289583693577908e+06
3.009876562852102797e+06
3.100633447770882049e+05
4.323710645401509828e+05
9.319389429504397558e+05
4.433440062612456386e+05
1.482460589623733191e+06
8.787819267229695106e+05
2.237342388262686320e+06
2.913534282693622634e+06
2.157149582375952159e+05
2.968438426078911289e+05
1.969391246670901019e+05
4.728162520665485412e+06
1.979563655234367820e+06
1.152509933435835643e+06
5.433308867133342428e+05
1.659574124879149022e+06
3.154763996141882963e+05
3.471044662133703823e+05
5.756032373378503136e+06
6.790654105273207650e+06
1.080146061496306909e+06
2.614993763616787270e+06
2.730267797892849892e+06
2.600835606754028122e+05
6.457305304680038244e+05
6.699165458131442778e+06
3.388149560430882848e+05
8.309817877967513166e+06
3.907636462404913269e+06
1.555620155398505973e+06
7.605427983172022505e+05
5.323390286126188003e+05
2.419663174784628674e+06
3.747548349043642171e+06
1.438820642174840206e+06
8.533999385750912130e+06
1.467962009979785886e+06
3.825149181666983757e+06
1.699367699819649570e+05
7.236373030122356722e+05
3.115647106361332349e+06
2.616324395926309517e+05
7.606352653215986677e+06
1.573733560587841319e+06
1.604085552201136248e+06
7.578892509636437753e+05
9.451245014307454228e+06
1.160380183294954710e+07
1.816359243107116781e+05
1.529720233931991970e+05
7.230288940117503516e+05
1.108067560405102186e+07
1.405342953365551948e+05
2.083761142639412719e+05
4.755794182631901349e+05
4.300474516429323703e+06
2.673718532498014160e+06
2.652318565372494049e+05
3.633435547772080754e+05
5.173566372803584673e+06
1.336849605207437126e+05
2.412215651975757210e+05
3.474182097323683091e+06
1.904800433309809305e+05
1.562846044429136382e+05
3.701197185214276542e+05
1.342459618895685999e+05
2.400020805355799675e+05
1.259665269267054740e+06
8.208583533818224445e+06
7.416393169906709809e+05
9.062566344522269443e+06
5.473131438407771289e+06
3.092388179060457274e+06
1.036033215716535784e+07
1.974338693109191256e+06
1.461169072046141140e+07
5.369106929745276459e+06
5.572958965576699702e+05
1.031266336345044663e+06
1.835839904806320742e+07
6.594699659844039707e+04
2.303040367310666479e+06
1.118688880801362451e+06
4.044917473485174589e+06
1.157005414516204502e+06
1.377184714417638024e+06
3.982037201504889410e+06
1.278280491119102109e+06
5.428620007261324674e+06
5.490404875327161513e+06
1.506934468731289729e+07
4.158086256010869984e+05
5.509517896697989199e+05
2.270222130404034629e+06
2.108603214789979160e+06
1.901736282819051703e+05
3.336986644806500990e+06
1.027455449145482387e+06
8.822639906367201358e+06
3.703154151331025059e+05
3.314153955843848363e+07
5.371009666153485887e+05
2.770206203675842285e+07
1.133108493304140167e+06
2.084401068639853271e+06
3.286654041693648323e+06
3.827911408889683080e+05
1.150554855378910899e+06
6.970789830990383634e+05
5.105737266922738636e+05
9.407808626789947972e+06
3.054496811058867024e+05
4.350038776901060715e+06
3.138470893362448551e+05
6.132151181991219055e+05
2.071599915888496861e+07
4.361984433162381873e+06
7.365195578148604545e+04
1.567037536514868587e+07
4.427417696055470151e+05
1.968923112691776082e+07
5.696879855846219696e+06
1.225553061413132353e+06
1.558765467113730684e+07
1.820640920986041427e+06
1.797318597437770572e+06
1.043857755830593407e+06
4.720745135565588134e+05
1.786916788396963384e+05
8.152142075971795712e+05
1.519420794084856473e+07
3.139692323495726101e+06
1.958110767191556806e+05
1.226326227587399539e+06
8.752370419372357428e+06
8.848091047136075795e+06
5.682080410790564492e+05
3.346970288349137991e+05
9.110444148717029020e+06
1.805397268018735922e+05
4.498324173818314448e+06
2.719512334794009221e+05
2.253180952606643550e+06
1.806370009323499864e+06
1.116078609474508849e+05
1.322189453430546564e+05
2.599852149390221108e+06
6.821315749085744843e+06
5.021787571998461150e+06
1.636382625428350084e+07
3.602997911189125734e+05
1.367846836260981392e+06
2.578898656401018670e+05
5.623107909046910936e+05
3.172300482244860614e+05
9.581746280485463794e+05
2.181105897355511319e+06
6.546789792886395007e+05
1.331379001046141423e+07
5.726306278456286527e+06
1.160327912594527192e+07
1.425564661711810622e+05
4.013846160439947853e+05
3.277601428520983085e+06
