2.615252977079881580e-01
3.353928018660282673e-01
1.123618726266722712e-01
1.969544414673380095e-01
3.455124682207021403e-01
2.274286180744055086e-01
2.212093177621808349e-01
2.896930070247269451e-02
2.942622635293902777e-01
3.220546334945487144e-01
1.698704826797363954e-01
2.096055320259431753e-01
3.126428499437043373e-01
1.570285923513611848e-01
3.928385212103074897e-02
6.266804769822872934e-02
2.319107111264632759e-01
1.047583958060365056e-01
9.386179800441649124e-02
1.627155035164867813e-02
2.626225674894564488e-01
3.589413424901914951e-01
3.279758335088137633e-01
5.124124000191729311e-02
1.326704222981010539e-01
3.550512418524703340e-01
3.309833576347114281e-01
2.822871399361236433e-01
3.531169867273509233e-01
3.370966415940562788e-02
2.328628107787258927e-01
2.509214913178973161e-01
3.276669988996292471e-01
3.027722968501632694e-01
1.016748690723655868e-01
2.418626179681682420e-01
3.019145361877762501e-01
1.129246814865838833e-01
3.779534167401787936e-03
1.838589335902265365e-01
3.380786001086325543e-01
7.926474097948385533e-02
2.656585437781779357e-01
2.695472330206818423e-01
7.497452760856182508e-02
2.420704533386770496e-01
1.816592923736803644e-01
2.312068513997043995e-01
1.650979024523097083e-01
1.293644943256775370e-01
2.412156546523130385e-01
1.839900503102160356e-01
2.647081138582718651e-01
2.072634062891890172e-01
1.924033289907852440e-01
1.942752849569659712e-01
2.310807407511112077e-01
2.762888716747471385e-01
2.829146616281600357e-01
2.465928099666372941e-01
2.472646963484720350e-01
2.669006085190831490e-01
1.323158806842391622e-01
2.627205207776185381e-01
6.930907865518604050e-02
1.181511803668080923e-01
3.054135834216842316e-02
2.677624303646389259e-01
1.576646686534952935e-01
2.577087834057691373e-01
3.534042959330069289e-01
2.202450407040233982e-01
3.548482073824845706e-01
6.749337891002776812e-02
6.328274022524793541e-02
1.863453918606216286e-01
1.935104684506084305e-01
2.739190214252093525e-01
1.953532462070113052e-01
2.200377535063612611e-01
2.265112780880774723e-01
4.410567751254840241e-02
8.672153303869556407e-02
3.420842084832054764e-01
2.848737912742188572e-01
8.800533902383692042e-02
1.253968413891993483e-01
2.981889554120212282e-01
2.547454204036672110e-01
4.225325016683637025e-02
2.718893101393372591e-01
8.117478407890640901e-02
2.552942766175275713e-01
2.024275864414031012e-01
2.486356899617375715e-01
1.007200220904044263e-01
1.493905262003363821e-01
2.727809700202736831e-01
3.094553218678879891e-01
1.838071040345434504e-01
1.426923593518087952e-01
1.997204516214097780e-01
2.992172012406180137e-02
1.925947190283851806e-01
2.404041122184293611e-01
3.092118316262732480e-01
2.671635562136391862e-01
8.024032494211830180e-02
6.384681341275705302e-02
4.499192481084945960e-02
2.861382189810233179e-01
2.729526976110764336e-01
2.594317926035955013e-01
2.382172613203806244e-01
3.079260823006031433e-01
4.982152333715669790e-02
2.292946720649436387e-01
3.018483394215440985e-01
3.401096242727296159e-01
7.357272200152370489e-02
2.834988023706529470e-01
2.234676138894474695e-01
9.938588844966261826e-02
4.088046956853180758e-02
2.606847636480464359e-01
9.747971865889448750e-02
9.617381112517134345e-02
2.359127871400083232e-01
2.794407500914984910e-01
2.482196357722638025e-01
1.965754921466890959e-01
2.253427939933415058e-01
5.610576073216078097e-02
3.172704507468878665e-01
2.188610080070194919e-01
2.248829448456083346e-01
4.822948589734754599e-02
3.326413397332271815e-01
6.641041008618117636e-02
2.528113414612890852e-01
3.130811108518555819e-01
2.768388555076946034e-01
2.390285170215438182e-01
3.235503579524918183e-01
2.671452690313645406e-01
3.124089101189180262e-01
2.273188955516771137e-01
2.805720887676401154e-01
1.428394083485307331e-01
2.881912836051285232e-01
3.101576679617227272e-01
9.251681822154611545e-02
1.569521296010565337e-01
1.183407887728196439e-01
1.660083313830835183e-01
3.370802031945024368e-01
1.575627662025569364e-02
1.878042649885605098e-01
1.022759445743407214e-01
1.940616568781119433e-01
2.864095375332813553e-01
1.478164841764773585e-01
2.956063273796913915e-01
1.995111751960843560e-01
1.033979824602795916e-01
3.557890309387631289e-01
3.580850157500097275e-01
1.823194414951284648e-02
1.666040990405011080e-01
2.810768778157141101e-01
5.890394976878965405e-02
3.224788951903214129e-01
3.187627922053692942e-01
1.565944529467873936e-01
2.401515642095168879e-01
3.536645153030981703e-01
2.655277852423275631e-01
1.812242312839007496e-01
1.488543292965158749e-01
2.810987543176381998e-01
2.014880983147887827e-01
6.013280728521572249e-02
2.699706340732445087e-01
1.811407508711183334e-01
3.011774781679400492e-01
1.151685834921778451e-02
3.108250906273176684e-01
2.882647791630376655e-01
5.543151322490003086e-03
1.931176252981854080e-01
2.595525672042589549e-02
1.339329759309679790e-01
3.503346765596241363e-01
2.648781298740454648e-02
2.384120271671545110e-01
2.277439375971644364e-01
1.974072529683587041e-01
1.449348516720070368e-01
3.272072841905367402e-01
2.472958707919791221e-01
